0 0.8546875 0.13359375 0.23125 0.21875
0 0.85703125 0.38515625 0.234375 0.215625
0 0.8578125 0.6171875 0.2171875 0.1984375
0 0.85546875 0.8671875 0.2375 0.2265625
0 0.60703125 0.13671875 0.23125 0.2375
0 0.61328125 0.38515625 0.2 0.19375
0 0.6109375 0.6140625 0.2 0.2046875
0 0.609375 0.87421875 0.2171875 0.2125
0 0.36328125 0.140625 0.190625 0.1828125
0 0.38046875 0.3828125 0.2 0.1953125
0 0.37421875 0.6203125 0.2 0.2015625
0 0.3703125 0.86875 0.215625 0.2140625
0 0.13125 0.86171875 0.215625 0.21875
0 0.125 0.6140625 0.2125 0.2234375
0 0.1328125 0.38515625 0.228125 0.209375
0 0.121875 0.134375 0.24375 0.2375