0 0.86640625 0.1453125 0.2203125 0.2328125
0 0.61484375 0.14296875 0.215625 0.234375
0 0.3828125 0.1421875 0.1984375 0.2171875
0 0.1328125 0.14453125 0.2265625 0.2375
0 0.86328125 0.39296875 0.2375 0.23125
0 0.61484375 0.38671875 0.19375 0.2
0 0.3859375 0.3890625 0.2046875 0.2
0 0.12578125 0.390625 0.2125 0.2171875
0 0.859375 0.63671875 0.1828125 0.190625
0 0.6171875 0.61953125 0.1953125 0.2
0 0.3796875 0.62578125 0.2015625 0.2
0 0.13125 0.6296875 0.2140625 0.215625
0 0.13828125 0.86875 0.21875 0.215625
0 0.3859375 0.875 0.2234375 0.2125
0 0.61484375 0.8671875 0.2109375 0.228125
0 0.865625 0.878125 0.2375 0.24375