0 0.623046875 0.5673828125 0.62109375 0.7177734375 0.65234375 0.8330078125 0.693359375 0.9013671875 0.7490234375 0.951171875 0.7880859375 0.96484375 0.8251953125 0.96484375 0.8525390625 0.958984375 0.8798828125 0.943359375 0.9140625 0.9072265625 0.9296875 0.8642578125 0.953125 0.8447265625 0.95703125 0.8154296875 0.923828125 0.7158203125 0.9296875 0.6923828125 0.92578125 0.5849609375 0.91015625 0.4619140625 0.89453125 0.4365234375 0.8701171875 0.4140625 0.77734375 0.4091796875 0.6767578125 0.421875 0.65625 0.4365234375 0.623046875 0.5673828125
0 0.42578125 0.4873046875 0.431640625 0.4814453125 0.4267578125 0.4765625 0.4111328125 0.517578125 0.3837890625 0.51953125 0.3515625 0.5400390625 0.341796875 0.6337890625 0.341796875 0.7099609375 0.357421875 0.7919921875 0.380859375 0.8408203125 0.4248046875 0.8828125 0.4677734375 0.88671875 0.4892578125 0.87890625 0.525390625 0.8505859375 0.55859375 0.7705078125 0.55859375 0.5888671875 0.552734375 0.5458984375 0.53515625 0.5068359375 0.52734375 0.4658203125 0.5126953125 0.466796875 0.5048828125 0.4609375 0.5009765625 0.470703125 0.478515625 0.4873046875 0.4755859375 0.5 0.4501953125 0.505859375 0.44921875 0.4580078125 0.44140625 0.4912109375 0.4296875 0.4931640625 0.42578125 0.4873046875
0 0.205078125 0.6162109375 0.19921875 0.7294921875 0.205078125 0.7646484375 0.2265625 0.8173828125 0.2431640625 0.8359375 0.2626953125 0.845703125 0.2958984375 0.84375 0.3095703125 0.8359375 0.328125 0.8154296875 0.341796875 0.7802734375 0.328125 0.6181640625 0.31640625 0.5712890625 0.2685546875 0.576171875 0.2255859375 0.572265625 0.205078125 0.6162109375
0 0.11328125 0.6064453125 0.1015625 0.7158203125 0.10546875 0.7705078125 0.115234375 0.8017578125 0.1298828125 0.8203125 0.1591796875 0.83203125 0.1884765625 0.826171875 0.208984375 0.8017578125 0.1953125 0.7138671875 0.201171875 0.6103515625 0.1923828125 0.59375 0.1806640625 0.59765625 0.16796875 0.5849609375 0.1533203125 0.6015625 0.1181640625 0.6015625 0.11328125 0.6064453125
0 0.056640625 0.7412109375 0.07421875 0.7958984375 0.1005859375 0.814453125 0.1201171875 0.814453125 0.10546875 0.7724609375 0.1015625 0.7373046875 0.107421875 0.6337890625 0.1025390625 0.62109375 0.087890625 0.6201171875 0.0703125 0.6357421875 0.060546875 0.6748046875 0.056640625 0.7412109375
0 0.015625 0.7177734375 0.021484375 0.7294921875 0.0234375 0.7744140625 0.0439453125 0.802734375 0.0654296875 0.8046875 0.072265625 0.8017578125 0.072265625 0.7900390625 0.056640625 0.7568359375 0.0546875 0.7294921875 0.060546875 0.6767578125 0.041015625 0.6708984375 0.0390625 0.6533203125 0.033203125 0.6494140625 0.01953125 0.6533203125 0.017578125 0.6689453125 0.015625 0.7177734375
0 0.33203125 0.0185546875 0.333984375 0.0380859375 0.34375 0.0615234375 0.3740234375 0.1015625 0.4013671875 0.115234375 0.4404296875 0.119140625 0.4638671875 0.107421875 0.517578125 0.0576171875 0.533203125 0.0205078125 0.53515625 0.0009765625 0.3349609375 0 0.341796875 0.0107421875 0.33203125 0.0185546875
0 0.2099609375 0.056640625 0.203125 0.0537109375 0.2001953125 0.09765625 0.19140625 0.0869140625 0.18359375 0.1337890625 0.1875 0.1904296875 0.20703125 0.2373046875 0.2431640625 0.267578125 0.2763671875 0.265625 0.2919921875 0.2578125 0.328125 0.2158203125 0.345703125 0.1806640625 0.3515625 0.1044921875 0.33984375 0.0634765625 0.330078125 0.0537109375 0.3203125 0.0146484375 0.322265625 0.0009765625 0.2197265625 0 0.212890625 0.0498046875 0.2099609375 0.056640625
0 0.10546875 0.1865234375 0.1015625 0.2158203125 0.1015625 0.2822265625 0.125 0.3486328125 0.1416015625 0.36328125 0.1630859375 0.369140625 0.1865234375 0.361328125 0.212890625 0.3369140625 0.22265625 0.3212890625 0.228515625 0.2763671875 0.216796875 0.2529296875 0.2080078125 0.244140625 0.203125 0.2490234375 0.2001953125 0.232421875 0.1884765625 0.236328125 0.1845703125 0.23046875 0.171875 0.2314453125 0.1875 0.2255859375 0.1826171875 0.21875 0.123046875 0.2177734375 0.1328125 0.2099609375 0.125 0.2021484375 0.1328125 0.1943359375 0.1259765625 0.181640625 0.1455078125 0.1796875 0.1494140625 0.173828125 0.1533203125 0.1796875 0.162109375 0.1787109375 0.1611328125 0.169921875 0.1435546875 0.166015625 0.1376953125 0.15234375 0.1328125 0.1552734375 0.13671875 0.1396484375 0.125 0.1357421875 0.111328125 0.1435546875 0.111328125 0.1806640625 0.10546875 0.1865234375
0 0.052734375 0.2724609375 0.0390625 0.3076171875 0.021484375 0.3193359375 0.01953125 0.3466796875 0.02734375 0.3935546875 0.05859375 0.4072265625 0.048828125 0.4130859375 0.048828125 0.4345703125 0.056640625 0.4404296875 0.05078125 0.4521484375 0.0595703125 0.4609375 0.0771484375 0.462890625 0.1123046875 0.421875 0.15625 0.3896484375 0.162109375 0.3740234375 0.12109375 0.3427734375 0.109375 0.3212890625 0.099609375 0.2646484375 0.08203125 0.2607421875 0.080078125 0.2333984375 0.07421875 0.2275390625 0.0654296875 0.2265625 0.05859375 0.2353515625 0.052734375 0.2724609375
0 0.0234375 0.1259765625 0.0380859375 0.140625 0.0576171875 0.1484375 0.0732421875 0.146484375 0.1015625 0.1259765625 0.111328125 0.0751953125 0.1279296875 0.05078125 0.1484375 0.0380859375 0.16015625 0.0009765625 0.013671875 0.0009765625 0.009765625 0.0869140625 0.0234375 0.1259765625