0 0.92578125 0.4150390625 0.9296875 0.3076171875 0.923828125 0.2841796875 0.95703125 0.1845703125 0.953125 0.1552734375 0.9296875 0.1357421875 0.9140625 0.0927734375 0.8798828125 0.056640625 0.8525390625 0.041015625 0.8251953125 0.03515625 0.7880859375 0.03515625 0.7490234375 0.048828125 0.693359375 0.0986328125 0.65234375 0.1669921875 0.62109375 0.2822265625 0.623046875 0.4326171875 0.65625 0.5634765625 0.6767578125 0.578125 0.77734375 0.5908203125 0.8701171875 0.5859375 0.89453125 0.5634765625 0.91015625 0.5380859375 0.92578125 0.4150390625
0 0.5009765625 0.529296875 0.5048828125 0.5390625 0.5126953125 0.533203125 0.52734375 0.5341796875 0.53515625 0.4931640625 0.552734375 0.4541015625 0.55859375 0.4111328125 0.55859375 0.2294921875 0.525390625 0.1494140625 0.4892578125 0.12109375 0.4677734375 0.11328125 0.4248046875 0.1171875 0.380859375 0.1591796875 0.357421875 0.2080078125 0.341796875 0.2900390625 0.341796875 0.3662109375 0.3515625 0.4599609375 0.3837890625 0.48046875 0.4111328125 0.482421875 0.4267578125 0.5234375 0.431640625 0.5185546875 0.42578125 0.5126953125 0.4296875 0.5068359375 0.44140625 0.5087890625 0.44921875 0.5419921875 0.4501953125 0.494140625 0.4755859375 0.5 0.478515625 0.5126953125 0.5009765625 0.529296875
0 0.3095703125 0.1640625 0.2958984375 0.15625 0.2626953125 0.154296875 0.2431640625 0.1640625 0.2265625 0.1826171875 0.205078125 0.2353515625 0.19921875 0.2705078125 0.205078125 0.3837890625 0.2255859375 0.427734375 0.2685546875 0.423828125 0.31640625 0.4287109375 0.328125 0.3818359375 0.341796875 0.2197265625 0.328125 0.1845703125 0.3095703125 0.1640625
0 0.1953125 0.2861328125 0.208984375 0.1982421875 0.1884765625 0.173828125 0.1591796875 0.16796875 0.1298828125 0.1796875 0.115234375 0.1982421875 0.10546875 0.2294921875 0.1015625 0.2841796875 0.11328125 0.3935546875 0.1181640625 0.3984375 0.1533203125 0.3984375 0.16796875 0.4150390625 0.1806640625 0.40234375 0.1923828125 0.40625 0.201171875 0.3896484375 0.1953125 0.2861328125
0 0.10546875 0.2275390625 0.1201171875 0.185546875 0.1005859375 0.185546875 0.07421875 0.2041015625 0.056640625 0.2587890625 0.060546875 0.3251953125 0.0703125 0.3642578125 0.087890625 0.3798828125 0.1025390625 0.37890625 0.107421875 0.3662109375 0.1015625 0.2626953125 0.10546875 0.2275390625
0 0.0546875 0.2705078125 0.056640625 0.2431640625 0.072265625 0.2099609375 0.072265625 0.1982421875 0.0654296875 0.1953125 0.0439453125 0.197265625 0.0234375 0.2255859375 0.021484375 0.2705078125 0.015625 0.2822265625 0.017578125 0.3310546875 0.01953125 0.3466796875 0.033203125 0.3505859375 0.0390625 0.3466796875 0.041015625 0.3291015625 0.060546875 0.3232421875 0.0546875 0.2705078125
0 0.4404296875 0.880859375 0.4013671875 0.884765625 0.3740234375 0.8984375 0.34375 0.9384765625 0.333984375 0.9619140625 0.33203125 0.9814453125 0.341796875 0.9892578125 0.3349609375 1 0.53515625 0.9990234375 0.533203125 0.9794921875 0.517578125 0.9423828125 0.4638671875 0.892578125 0.4404296875 0.880859375
0 0.3515625 0.8955078125 0.345703125 0.8193359375 0.328125 0.7841796875 0.2919921875 0.7421875 0.2763671875 0.734375 0.2431640625 0.732421875 0.20703125 0.7626953125 0.1875 0.8095703125 0.18359375 0.8662109375 0.19140625 0.9130859375 0.2001953125 0.90234375 0.203125 0.9462890625 0.2099609375 0.943359375 0.212890625 0.9501953125 0.2197265625 1 0.322265625 0.9990234375 0.3203125 0.9853515625 0.330078125 0.9462890625 0.33984375 0.9365234375 0.3515625 0.8955078125
0 0.1435546875 0.833984375 0.1611328125 0.830078125 0.162109375 0.8212890625 0.1533203125 0.8203125 0.1494140625 0.826171875 0.1455078125 0.8203125 0.1259765625 0.818359375 0.1328125 0.8056640625 0.125 0.7978515625 0.1328125 0.7900390625 0.123046875 0.7822265625 0.1826171875 0.78125 0.1875 0.7744140625 0.171875 0.7685546875 0.1845703125 0.76953125 0.1884765625 0.763671875 0.2001953125 0.767578125 0.203125 0.7509765625 0.2080078125 0.755859375 0.216796875 0.7470703125 0.228515625 0.7236328125 0.22265625 0.6787109375 0.212890625 0.6630859375 0.1865234375 0.638671875 0.1630859375 0.630859375 0.1416015625 0.63671875 0.125 0.6513671875 0.1015625 0.7177734375 0.1015625 0.7841796875 0.10546875 0.8134765625 0.111328125 0.8193359375 0.111328125 0.8564453125 0.125 0.8642578125 0.13671875 0.8603515625 0.1328125 0.8447265625 0.1376953125 0.84765625 0.1435546875 0.833984375
0 0.109375 0.6787109375 0.12109375 0.6572265625 0.162109375 0.6259765625 0.15625 0.6103515625 0.1123046875 0.578125 0.0771484375 0.537109375 0.0595703125 0.5390625 0.05078125 0.5478515625 0.056640625 0.5595703125 0.048828125 0.5654296875 0.048828125 0.5869140625 0.05859375 0.5927734375 0.02734375 0.6064453125 0.01953125 0.6533203125 0.021484375 0.6806640625 0.0390625 0.6923828125 0.052734375 0.7275390625 0.05859375 0.7646484375 0.0654296875 0.7734375 0.07421875 0.7724609375 0.080078125 0.7666015625 0.08203125 0.7392578125 0.099609375 0.7353515625 0.109375 0.6787109375
0 0.1015625 0.8740234375 0.0732421875 0.853515625 0.0576171875 0.8515625 0.0380859375 0.859375 0.0234375 0.8740234375 0.009765625 0.9130859375 0.013671875 0.9990234375 0.16015625 0.9990234375 0.1484375 0.9619140625 0.1279296875 0.94921875 0.111328125 0.9248046875 0.1015625 0.8740234375